   11536   1   0  0.1158988E+02  0.1500000E+04
  CAR 
 unknown system                          
   0   0   0
   1   1
 256 256 256
 256
  0.1000000E-09
  0.6250000E-11
   1
  0.2000000E-14  0.2647214E-08  0.2647214E-08  0.2540341E-08
  0.1487820E+04  0.1487411E+04
  0.000
  0.000
  0.000
  0.000
  0.000
  0.000
  0.000
  0.000
  0.000
  0.000
  0.000
  0.000
  0.000
  0.000
  0.000
  0.000
  0.000
  0.000
  0.000
  0.000
  0.000
  0.000
  0.000
  0.002
  0.022
  0.097
  0.271
  0.542
  0.795
  0.969
  1.135
  1.325
  1.445
  1.425
  1.321
  1.192
  1.123
  1.100
  1.084
  1.044
  1.015
  0.986
  1.010
  1.058
  1.178
  1.273
  1.352
  1.397
  1.375
  1.312
  1.234
  1.115
  1.004
  0.920
  0.855
  0.818
  0.799
  0.790
  0.793
  0.792
  0.792
  0.809
  0.827
  0.867
  0.896
  0.937
  0.968
  0.993
  1.015
  1.015
  1.037
  1.062
  1.066
  1.076
  1.066
  1.051
  1.039
  1.010
  0.981
  0.954
  0.932
  0.930
  0.939
  0.961
  0.981
  1.013
  1.040
  1.071
  1.097
  1.115
  1.118
  1.113
  1.093
  1.084
  1.058
  1.023
  0.994
  0.974
  0.952
  0.934
  0.926
  0.922
  0.921
  0.921
  0.919
  0.921
  0.932
  0.945
  0.953
  0.965
  0.977
  0.993
  1.016
  1.035
  1.056
  1.080
  1.091
  1.102
  1.102
  1.092
  1.082
  1.067
  1.047
  1.026
  1.006
  0.990
  0.984
  0.978
  0.973
  0.969
  0.968
  0.970
  0.972
  0.973
  0.971
  0.969
  0.965
  0.975
  0.978
  0.979
  0.980
  0.977
  0.981
  0.976
  0.985
  0.991
  0.997
  1.008
  1.010
  1.021
  1.027
  1.026
  1.026
  1.023
  1.017
  1.010
  1.006
  0.997
  0.992
  0.988
  0.988
  0.983
  0.983
  0.980
  0.971
  0.970
  0.972
  0.970
  0.977
  0.987
  0.996
  1.011
  1.022
  1.035
  1.046
  1.052
  1.056
  1.055
  1.051
  1.043
  1.036
  1.019
  1.004
  0.991
  0.978
  0.968
  0.960
  0.954
  0.949
  0.951
  0.947
  0.951
  0.955
  0.957
  0.966
  0.972
  0.983
  0.997
  1.009
  1.020
  1.031
  1.041
  1.049
  1.055
  1.061
  1.068
  1.068
  1.065
  1.063
  1.060
  1.047
  1.033
  1.021
  1.009
  0.994
  0.979
  0.970
  0.958
  0.944
  0.939
  0.936
  0.930
  0.931
  0.933
  0.939
  0.948
  0.960
  0.971
  0.979
  0.992
  1.003
  1.013
  1.020
  1.026
  1.032
  1.037
  1.038
  1.042
  1.041
  1.042
  1.041
  1.040
  1.038
  1.032
  1.029
  1.021
  1.012
  1.004
  0.996
  0.988
  0.981
  0.974
  0.969
  0.965
  0.962
  0.962
