   11536   1   0  0.1158988E+02  0.1500000E+04
  CAR 
 unknown system                          
   0   0   0
   1   1
 256 256 256
 256
  0.1000000E-09
  0.6250000E-11
   1
  0.2000000E-14  0.2647214E-08  0.2647214E-08  0.2540341E-08
  0.1494202E+04  0.1500649E+04
  0.000
  0.000
  0.000
  0.000
  0.000
  0.000
  0.000
  0.000
  0.000
  0.000
  0.000
  0.000
  0.000
  0.000
  0.000
  0.000
  0.000
  0.000
  0.000
  0.000
  0.000
  0.000
  0.000
  0.003
  0.023
  0.094
  0.272
  0.523
  0.778
  0.992
  1.172
  1.320
  1.458
  1.435
  1.325
  1.150
  1.078
  1.060
  1.067
  1.063
  1.059
  1.046
  1.059
  1.056
  1.137
  1.256
  1.338
  1.374
  1.369
  1.363
  1.240
  1.100
  0.988
  0.917
  0.855
  0.817
  0.795
  0.797
  0.817
  0.798
  0.791
  0.799
  0.816
  0.847
  0.907
  0.945
  0.982
  1.004
  1.006
  1.003
  1.017
  1.043
  1.057
  1.088
  1.084
  1.077
  1.032
  1.000
  0.967
  0.957
  0.929
  0.940
  0.940
  0.962
  0.992
  1.032
  1.061
  1.075
  1.082
  1.110
  1.122
  1.093
  1.082
  1.068
  1.042
  1.024
  1.000
  0.968
  0.963
  0.935
  0.918
  0.928
  0.919
  0.924
  0.931
  0.931
  0.936
  0.943
  0.955
  0.974
  0.983
  0.988
  1.001
  1.026
  1.068
  1.091
  1.095
  1.107
  1.089
  1.085
  1.086
  1.067
  1.027
  1.013
  0.998
  0.988
  0.986
  0.986
  0.973
  0.980
  0.980
  0.975
  0.971
  0.974
  0.965
  0.958
  0.971
  0.984
  0.976
  0.982
  0.978
  0.980
  0.976
  0.974
  0.977
  0.988
  1.004
  1.012
  1.010
  1.019
  1.021
  1.020
  1.028
  1.028
  1.022
  1.011
  1.003
  1.000
  0.998
  0.992
  0.986
  0.989
  0.983
  0.972
  0.964
  0.966
  0.971
  0.974
  0.976
  0.986
  1.001
  1.001
  1.010
  1.033
  1.045
  1.048
  1.053
  1.055
  1.053
  1.056
  1.050
  1.029
  1.008
  0.986
  0.971
  0.970
  0.954
  0.956
  0.947
  0.945
  0.946
  0.955
  0.958
  0.965
  0.966
  0.975
  0.985
  0.997
  1.008
  1.014
  1.022
  1.033
  1.048
  1.057
  1.060
  1.068
  1.066
  1.062
  1.063
  1.051
  1.048
  1.047
  1.035
  1.011
  0.983
  0.967
  0.964
  0.960
  0.956
  0.948
  0.938
  0.933
  0.928
  0.932
  0.942
  0.944
  0.956
  0.970
  0.985
  0.993
  1.002
  1.009
  1.013
  1.023
  1.036
  1.040
  1.039
  1.039
  1.039
  1.041
  1.037
  1.037
  1.040
  1.037
  1.034
  1.023
  1.014
  1.003
  0.992
  0.982
  0.977
  0.974
  0.973
  0.966
  0.961
  0.970
